# Integration
dt = 1
tSim = 2500


# Network

# Potts units
N = 600
S = 7
p = 200

# Pattern generation
num_fact = 200
p_fact = 40
dzeta = 0.0000002
a_pf = 0.004
eps = 0.000001

# Building network
cm = 90
a = 0.25

# Network dynamics
U = 0.1
beta = 12.5
w = 0.45
tau_1 = 3.33
tau_2 = 100
tau_3_A = 1e6
tau_3_B = 1
g_A = 1
